CONGLOME,VIVIENDA,ID,COD_DOMINIO,DOMINIO,COD_ETAPADEVIDA,ETAPADEVIDA,RESULTADOFINALDELAENCUESTACompleta1Incompleta2Rehazo3Otros6,UBIGEO,DEPARTAMENTO,PROVINCIA,DISTRITO
5013,37,9.0,1,Resto urbano,1,De 0 a 35 meses,1,10101,AMAZONAS,CHACHAPOYAS,CHACHAPOYAS
5013,139,6.0,1,Resto urbano,1,De 0 a 35 meses,1,10101,AMAZONAS,CHACHAPOYAS,CHACHAPOYAS
5023,40,7.0,1,Resto urbano,1,De 0 a 35 meses,1,10401,AMAZONAS,CONDORCANQUI,NIEVA
5023,80,6.0,1,Resto urbano,1,De 0 a 35 meses,1,10401,AMAZONAS,CONDORCANQUI,NIEVA
5029,27,3.0,1,Resto urbano,1,De 0 a 35 meses,1,10201,AMAZONAS,BAGUA,BAGUA
5061,68,4.0,1,Resto urbano,1,De 0 a 35 meses,1,10502,AMAZONAS,LUYA,CAMPORREDONDO
5061,80,3.0,1,Resto urbano,1,De 0 a 35 meses,1,10502,AMAZONAS,LUYA,CAMPORREDONDO
5074,78,7.0,2,Rural,1,De 0 a 35 meses,1,10403,AMAZONAS,CONDORCANQUI,RIO SANTIAGO
5074,78,99.0,2,Rural,1,De 0 a 35 meses,1,10403,AMAZONAS,CONDORCANQUI,RIO SANTIAGO
5074,80,99.0,2,Rural,1,De 0 a 35 meses,1,10403,AMAZONAS,CONDORCANQUI,RIO SANTIAGO
5074,81,8.0,2,Rural,1,De 0 a 35 meses,1,10403,AMAZONAS,CONDORCANQUI,RIO SANTIAGO
5074,157,8.0,2,Rural,1,De 0 a 35 meses,1,10403,AMAZONAS,CONDORCANQUI,RIO SANTIAGO
5074,160,6.0,2,Rural,1,De 0 a 35 meses,1,10403,AMAZONAS,CONDORCANQUI,RIO SANTIAGO
5074,160,99.0,2,Rural,1,De 0 a 35 meses,1,10403,AMAZONAS,CONDORCANQUI,RIO SANTIAGO
5107,29,8.0,2,Rural,1,De 0 a 35 meses,1,10702,AMAZONAS,UTCUBAMBA,CAJARURO
5107,35,5.0,2,Rural,1,De 0 a 35 meses,1,10702,AMAZONAS,UTCUBAMBA,CAJARURO
5130,18,5.0,2,Rural,1,De 0 a 35 meses,1,10502,AMAZONAS,LUYA,CAMPORREDONDO
5132,68,7.0,2,Rural,1,De 0 a 35 meses,1,10512,AMAZONAS,LUYA,OCALLI
5138,77,9.0,2,Rural,1,De 0 a 35 meses,1,10513,AMAZONAS,LUYA,OCUMAL
5154,12,6.0,2,Rural,1,De 0 a 35 meses,1,10109,AMAZONAS,CHACHAPOYAS,LA JALCA
5155,213,99.0,2,Rural,1,De 0 a 35 meses,1,10109,AMAZONAS,CHACHAPOYAS,LA JALCA
5184,21,4.0,1,Resto urbano,1,De 0 a 35 meses,1,21801,ÁNCASH,SANTA,CHIMBOTE
5224,138,4.0,1,Resto urbano,1,De 0 a 35 meses,1,20801,ÁNCASH,CASMA,CASMA
5225,13,6.0,1,Resto urbano,1,De 0 a 35 meses,1,20804,ÁNCASH,CASMA,YAUTAN
5230,11,4.0,2,Rural,1,De 0 a 35 meses,1,21801,ÁNCASH,SANTA,CHIMBOTE
5241,106,4.0,2,Rural,1,De 0 a 35 meses,1,21103,ÁNCASH,HUARMEY,CULEBRAS
5260,56,6.0,1,Resto urbano,1,De 0 a 35 meses,1,20101,ÁNCASH,HUARAZ,HUARAZ
5283,12,5.0,2,Rural,1,De 0 a 35 meses,1,21909,ÁNCASH,SIHUAS,SAN JUAN
5283,90,5.0,2,Rural,1,De 0 a 35 meses,1,21909,ÁNCASH,SIHUAS,SAN JUAN
5286,103,5.0,2,Rural,1,De 0 a 35 meses,1,21205,ÁNCASH,HUAYLAS,MATO
5298,79,4.0,2,Rural,1,De 0 a 35 meses,1,22005,ÁNCASH,YUNGAY,QUILLO
5345,4,3.0,1,Resto urbano,1,De 0 a 35 meses,1,30109,APURÍMAC,ABANCAY,TAMBURCO
5345,85,4.0,1,Resto urbano,1,De 0 a 35 meses,1,30109,APURÍMAC,ABANCAY,TAMBURCO
5351,1,6.0,1,Resto urbano,1,De 0 a 35 meses,1,30101,APURÍMAC,ABANCAY,ABANCAY
5384,6,7.0,2,Rural,1,De 0 a 35 meses,1,30604,APURÍMAC,CHINCHEROS,HUACCANA
5392,167,3.0,2,Rural,1,De 0 a 35 meses,1,30608,APURÍMAC,CHINCHEROS,RANRACANCHA
5392,167,99.0,2,Rural,1,De 0 a 35 meses,1,30608,APURÍMAC,CHINCHEROS,RANRACANCHA
5392,168,99.0,2,Rural,1,De 0 a 35 meses,1,30608,APURÍMAC,CHINCHEROS,RANRACANCHA
5408,119,7.0,2,Rural,1,De 0 a 35 meses,1,30207,APURÍMAC,ANDAHUAYLAS,KISHUARA
5427,29,5.0,2,Rural,1,De 0 a 35 meses,1,30210,APURÍMAC,ANDAHUAYLAS,PAMPACHIRI
5435,208,4.0,2,Rural,1,De 0 a 35 meses,1,30101,APURÍMAC,ABANCAY,ABANCAY
5451,132,4.0,2,Rural,1,De 0 a 35 meses,1,30406,APURÍMAC,AYMARAES,COTARUSE
5473,68,5.0,1,Resto urbano,1,De 0 a 35 meses,1,40104,AREQUIPA,AREQUIPA,CERRO COLORADO
5500,80,4.0,1,Resto urbano,1,De 0 a 35 meses,1,40101,AREQUIPA,AREQUIPA,AREQUIPA
5555,84,3.0,1,Resto urbano,1,De 0 a 35 meses,1,40112,AREQUIPA,AREQUIPA,PAUCARPATA
5567,61,5.0,1,Resto urbano,1,De 0 a 35 meses,1,40122,AREQUIPA,AREQUIPA,SOCABAYA
5567,100,5.0,1,Resto urbano,1,De 0 a 35 meses,1,40122,AREQUIPA,AREQUIPA,SOCABAYA
5567,100,4.0,1,Resto urbano,1,De 0 a 35 meses,1,40122,AREQUIPA,AREQUIPA,SOCABAYA
5622,43,4.0,1,Resto urbano,1,De 0 a 35 meses,1,40124,AREQUIPA,AREQUIPA,UCHUMAYO
5685,85,3.0,1,Resto urbano,1,De 0 a 35 meses,1,50115,AYACUCHO,HUAMANGA,JESUS NAZARENO
5686,133,99.0,1,Resto urbano,1,De 0 a 35 meses,1,50115,AYACUCHO,HUAMANGA,JESUS NAZARENO
5761,92,4.0,1,Resto urbano,1,De 0 a 35 meses,1,50801,AYACUCHO,PÁUCAR DEL SARA SARA,PAUSA
5764,47,7.0,2,Rural,1,De 0 a 35 meses,1,50407,AYACUCHO,HUANTA,SIVIA
5764,48,9.0,2,Rural,1,De 0 a 35 meses,1,50407,AYACUCHO,HUANTA,SIVIA
5767,101,7.0,2,Rural,1,De 0 a 35 meses,1,50406,AYACUCHO,HUANTA,SANTILLANA
5785,241,4.0,2,Rural,1,De 0 a 35 meses,1,50114,AYACUCHO,HUAMANGA,VINCHOS
5785,250,6.0,2,Rural,1,De 0 a 35 meses,1,50114,AYACUCHO,HUAMANGA,VINCHOS
5792,50,8.0,2,Rural,1,De 0 a 35 meses,1,50115,AYACUCHO,HUAMANGA,JESUS NAZARENO
5810,129,5.0,2,Rural,1,De 0 a 35 meses,1,51108,AYACUCHO,VILCAS HUAMÁN,VISCHONGO
5810,133,99.0,2,Rural,1,De 0 a 35 meses,1,51108,AYACUCHO,VILCAS HUAMÁN,VISCHONGO
5849,29,6.0,1,Resto urbano,1,De 0 a 35 meses,1,60108,CAJAMARCA,CAJAMARCA,LOS BAÑOS DEL INCA
5898,81,3.0,1,Resto urbano,1,De 0 a 35 meses,1,60701,CAJAMARCA,HUALGAYOC,BAMBAMARCA
5925,83,9.0,2,Rural,1,De 0 a 35 meses,1,60802,CAJAMARCA,JAÉN,BELLAVISTA
5933,112,6.0,2,Rural,1,De 0 a 35 meses,1,60601,CAJAMARCA,CUTERVO,CUTERVO
5938,138,5.0,2,Rural,1,De 0 a 35 meses,1,60602,CAJAMARCA,CUTERVO,CALLAYUC
5952,27,4.0,2,Rural,1,De 0 a 35 meses,1,60405,CAJAMARCA,CHOTA,CHIMBAN
5952,28,4.0,2,Rural,1,De 0 a 35 meses,1,60405,CAJAMARCA,CHOTA,CHIMBAN
5952,63,5.0,2,Rural,1,De 0 a 35 meses,1,60405,CAJAMARCA,CHOTA,CHIMBAN
5978,159,5.0,2,Rural,1,De 0 a 35 meses,1,61104,CAJAMARCA,SAN MIGUEL,CATILLUC
5984,14,4.0,2,Rural,1,De 0 a 35 meses,1,61106,CAJAMARCA,SAN MIGUEL,LA FLORIDA
6028,7,3.0,3,Lima metropolitana,1,De 0 a 35 meses,1,70106,CALLAO,PROV. CONST. DEL CALLAO,VENTANILLA
6038,67,5.0,3,Lima metropolitana,1,De 0 a 35 meses,1,70107,CALLAO,PROV. CONST. DEL CALLAO,MI PERU
6044,54,5.0,3,Lima metropolitana,1,De 0 a 35 meses,1,70106,CALLAO,PROV. CONST. DEL CALLAO,VENTANILLA
6059,36,6.0,3,Lima metropolitana,1,De 0 a 35 meses,1,70106,CALLAO,PROV. CONST. DEL CALLAO,VENTANILLA
6061,77,3.0,3,Lima metropolitana,1,De 0 a 35 meses,1,70106,CALLAO,PROV. CONST. DEL CALLAO,VENTANILLA
6063,20,4.0,3,Lima metropolitana,1,De 0 a 35 meses,1,70106,CALLAO,PROV. CONST. DEL CALLAO,VENTANILLA
6064,1,4.0,3,Lima metropolitana,1,De 0 a 35 meses,1,70106,CALLAO,PROV. CONST. DEL CALLAO,VENTANILLA
6065,45,99.0,3,Lima metropolitana,1,De 0 a 35 meses,1,70106,CALLAO,PROV. CONST. DEL CALLAO,VENTANILLA
6065,113,99.0,3,Lima metropolitana,1,De 0 a 35 meses,1,70106,CALLAO,PROV. CONST. DEL CALLAO,VENTANILLA
6078,65,5.0,3,Lima metropolitana,1,De 0 a 35 meses,1,70106,CALLAO,PROV. CONST. DEL CALLAO,VENTANILLA
6092,139,4.0,3,Lima metropolitana,1,De 0 a 35 meses,1,70102,CALLAO,PROV. CONST. DEL CALLAO,BELLAVISTA
6095,19,12.0,3,Lima metropolitana,1,De 0 a 35 meses,1,70102,CALLAO,PROV. CONST. DEL CALLAO,BELLAVISTA
6098,140,5.0,3,Lima metropolitana,1,De 0 a 35 meses,1,70102,CALLAO,PROV. CONST. DEL CALLAO,BELLAVISTA
6119,42,3.0,3,Lima metropolitana,1,De 0 a 35 meses,1,70101,CALLAO,PROV. CONST. DEL CALLAO,CALLAO
6125,96,3.0,3,Lima metropolitana,1,De 0 a 35 meses,1,70101,CALLAO,PROV. CONST. DEL CALLAO,CALLAO
6126,147,6.0,3,Lima metropolitana,1,De 0 a 35 meses,1,70101,CALLAO,PROV. CONST. DEL CALLAO,CALLAO
6141,110,4.0,3,Lima metropolitana,1,De 0 a 35 meses,1,70101,CALLAO,PROV. CONST. DEL CALLAO,CALLAO
6179,159,4.0,3,Lima metropolitana,1,De 0 a 35 meses,1,70104,CALLAO,PROV. CONST. DEL CALLAO,LA PERLA
6195,68,99.0,1,Resto urbano,1,De 0 a 35 meses,1,80105,CUSCO,CUSCO,SAN SEBASTIAN
6207,110,4.0,1,Resto urbano,1,De 0 a 35 meses,1,80106,CUSCO,CUSCO,SANTIAGO
6251,58,6.0,1,Resto urbano,1,De 0 a 35 meses,1,80701,CUSCO,CHUMBIVILCAS,SANTO TOMAS
6266,86,4.0,1,Resto urbano,1,De 0 a 35 meses,1,80605,CUSCO,CANCHIS,PITUMARCA
6287,3,3.0,2,Rural,1,De 0 a 35 meses,1,80404,CUSCO,CALCA,LARES
6287,77,5.0,2,Rural,1,De 0 a 35 meses,1,80404,CUSCO,CALCA,LARES
6292,65,99.0,2,Rural,1,De 0 a 35 meses,1,81306,CUSCO,URUBAMBA,OLLANTAYTAMBO
6298,42,5.0,2,Rural,1,De 0 a 35 meses,1,80302,CUSCO,ANTA,ANCAHUASI
6298,107,3.0,2,Rural,1,De 0 a 35 meses,1,80302,CUSCO,ANTA,ANCAHUASI
6322,22,7.0,2,Rural,1,De 0 a 35 meses,1,81212,CUSCO,QUISPICANCHI,QUIQUIJANA
6343,32,8.0,2,Rural,1,De 0 a 35 meses,1,80805,CUSCO,ESPINAR,PALLPATA
6343,47,4.0,2,Rural,1,De 0 a 35 meses,1,80805,CUSCO,ESPINAR,PALLPATA
6343,56,4.0,2,Rural,1,De 0 a 35 meses,1,80805,CUSCO,ESPINAR,PALLPATA
6352,351,99.0,2,Rural,1,De 0 a 35 meses,1,80603,CUSCO,CANCHIS,COMBAPATA
6364,71,7.0,1,Resto urbano,1,De 0 a 35 meses,1,90101,HUANCAVELICA,HUANCAVELICA,HUANCAVELICA
6417,28,5.0,2,Rural,1,De 0 a 35 meses,1,90718,HUANCAVELICA,TAYACAJA,TINTAY PUNCU
6417,181,6.0,2,Rural,1,De 0 a 35 meses,1,90718,HUANCAVELICA,TAYACAJA,TINTAY PUNCU
6421,45,4.0,2,Rural,1,De 0 a 35 meses,1,90509,HUANCAVELICA,CHURCAMPA,SAN PEDRO DE CORIS
6433,36,5.0,2,Rural,1,De 0 a 35 meses,1,90208,HUANCAVELICA,ACOBAMBA,ROSARIO
6448,27,8.0,2,Rural,1,De 0 a 35 meses,1,90113,HUANCAVELICA,HUANCAVELICA,NUEVO OCCORO
6460,101,7.0,2,Rural,1,De 0 a 35 meses,1,90103,HUANCAVELICA,HUANCAVELICA,ACORIA
6483,72,99.0,2,Rural,1,De 0 a 35 meses,1,90306,HUANCAVELICA,ANGARAES,CONGALLA
6483,81,6.0,2,Rural,1,De 0 a 35 meses,1,90306,HUANCAVELICA,ANGARAES,CONGALLA
6483,225,6.0,2,Rural,1,De 0 a 35 meses,1,90306,HUANCAVELICA,ANGARAES,CONGALLA
6483,237,10.0,2,Rural,1,De 0 a 35 meses,1,90306,HUANCAVELICA,ANGARAES,CONGALLA
6507,44,3.0,1,Resto urbano,1,De 0 a 35 meses,1,100101,HUÁNUCO,HUÁNUCO,HUANUCO
6546,23,5.0,1,Resto urbano,1,De 0 a 35 meses,1,100601,HUÁNUCO,LEONCIO PRADO,RUPA-RUPA
6546,36,6.0,1,Resto urbano,1,De 0 a 35 meses,1,100601,HUÁNUCO,LEONCIO PRADO,RUPA-RUPA
6569,47,6.0,2,Rural,1,De 0 a 35 meses,1,100702,HUÁNUCO,MARAÑÓN,CHOLON
6569,127,99.0,2,Rural,1,De 0 a 35 meses,1,100702,HUÁNUCO,MARAÑÓN,CHOLON
6569,137,4.0,2,Rural,1,De 0 a 35 meses,1,100702,HUÁNUCO,MARAÑÓN,CHOLON
6572,114,8.0,2,Rural,1,De 0 a 35 meses,1,100404,HUÁNUCO,HUACAYBAMBA,PINRA
6572,118,5.0,2,Rural,1,De 0 a 35 meses,1,100404,HUÁNUCO,HUACAYBAMBA,PINRA
6581,82,99.0,2,Rural,1,De 0 a 35 meses,1,100601,HUÁNUCO,LEONCIO PRADO,RUPA-RUPA
6584,57,6.0,2,Rural,1,De 0 a 35 meses,1,100603,HUÁNUCO,LEONCIO PRADO,HERMILIO VALDIZAN
6595,143,6.0,2,Rural,1,De 0 a 35 meses,1,100504,HUÁNUCO,HUAMALÍES,JACAS GRANDE
6597,166,5.0,2,Rural,1,De 0 a 35 meses,1,100510,HUÁNUCO,HUAMALÍES,SINGA
6602,42,4.0,2,Rural,1,De 0 a 35 meses,1,100313,HUÁNUCO,DOS DE MAYO,PACHAS
6602,42,5.0,2,Rural,1,De 0 a 35 meses,1,100313,HUÁNUCO,DOS DE MAYO,PACHAS
6602,44,5.0,2,Rural,1,De 0 a 35 meses,1,100313,HUÁNUCO,DOS DE MAYO,PACHAS
6621,94,5.0,2,Rural,1,De 0 a 35 meses,1,100103,HUÁNUCO,HUÁNUCO,CHINCHAO
6643,6,5.0,2,Rural,1,De 0 a 35 meses,1,100904,HUÁNUCO,PUERTO INCA,TOURNAVISTA
6643,24,5.0,2,Rural,1,De 0 a 35 meses,1,100904,HUÁNUCO,PUERTO INCA,TOURNAVISTA
6651,55,4.0,2,Rural,1,De 0 a 35 meses,1,100802,HUÁNUCO,PACHITEA,CHAGLLA
6651,194,4.0,2,Rural,1,De 0 a 35 meses,1,100802,HUÁNUCO,PACHITEA,CHAGLLA
6651,194,7.0,2,Rural,1,De 0 a 35 meses,1,100802,HUÁNUCO,PACHITEA,CHAGLLA
6652,94,5.0,2,Rural,1,De 0 a 35 meses,1,100801,HUÁNUCO,PACHITEA,PANAO
6652,102,5.0,2,Rural,1,De 0 a 35 meses,1,100801,HUÁNUCO,PACHITEA,PANAO
6712,53,6.0,1,Resto urbano,1,De 0 a 35 meses,1,110101,ICA,ICA,ICA
6713,2,7.0,1,Resto urbano,1,De 0 a 35 meses,1,110101,ICA,ICA,ICA
6713,112,4.0,1,Resto urbano,1,De 0 a 35 meses,1,110101,ICA,ICA,ICA
6740,27,6.0,1,Resto urbano,1,De 0 a 35 meses,1,110207,ICA,CHINCHA,PUEBLO NUEVO
6740,108,3.0,1,Resto urbano,1,De 0 a 35 meses,1,110207,ICA,CHINCHA,PUEBLO NUEVO
6788,61,6.0,1,Resto urbano,1,De 0 a 35 meses,1,110501,ICA,PISCO,PISCO
6788,146,4.0,1,Resto urbano,1,De 0 a 35 meses,1,110501,ICA,PISCO,PISCO
6792,91,4.0,1,Resto urbano,1,De 0 a 35 meses,1,110501,ICA,PISCO,PISCO
6798,63,5.0,1,Resto urbano,1,De 0 a 35 meses,1,110508,ICA,PISCO,TUPAC AMARU INCA
6807,45,5.0,1,Resto urbano,1,De 0 a 35 meses,1,110503,ICA,PISCO,HUMAY
6809,5,6.0,1,Resto urbano,1,De 0 a 35 meses,1,110108,ICA,ICA,SALAS
6809,81,6.0,1,Resto urbano,1,De 0 a 35 meses,1,110108,ICA,ICA,SALAS
6843,53,8.0,1,Resto urbano,1,De 0 a 35 meses,1,110304,ICA,NASCA,MARCONA
6850,35,5.0,2,Rural,1,De 0 a 35 meses,1,110205,ICA,CHINCHA,EL CARMEN
6866,81,99.0,2,Rural,1,De 0 a 35 meses,1,110111,ICA,ICA,SANTIAGO
6905,97,4.0,1,Resto urbano,1,De 0 a 35 meses,1,120101,JUNÍN,HUANCAYO,HUANCAYO
6960,98,7.0,1,Resto urbano,1,De 0 a 35 meses,1,120302,JUNÍN,CHANCHAMAYO,PERENE
6960,98,99.0,1,Resto urbano,1,De 0 a 35 meses,1,120302,JUNÍN,CHANCHAMAYO,PERENE
6981,9,6.0,1,Resto urbano,1,De 0 a 35 meses,1,120134,JUNÍN,HUANCAYO,SICAYA
6981,51,4.0,1,Resto urbano,1,De 0 a 35 meses,1,120134,JUNÍN,HUANCAYO,SICAYA
7002,49,99.0,2,Rural,1,De 0 a 35 meses,1,120504,JUNÍN,JUNÍN,ULCUMAYO
7033,42,6.0,2,Rural,1,De 0 a 35 meses,1,120403,JUNÍN,JAUJA,APATA
7033,46,6.0,2,Rural,1,De 0 a 35 meses,1,120403,JUNÍN,JAUJA,APATA
7041,301,5.0,2,Rural,1,De 0 a 35 meses,1,120901,JUNÍN,CHUPACA,CHUPACA
7069,1,4.0,2,Rural,1,De 0 a 35 meses,1,120602,JUNÍN,SATIPO,COVIRIALI
7087,126,5.0,1,Resto urbano,1,De 0 a 35 meses,1,130105,LA LIBERTAD,TRUJILLO,LA ESPERANZA
7101,7,99.0,1,Resto urbano,1,De 0 a 35 meses,1,130101,LA LIBERTAD,TRUJILLO,TRUJILLO
7108,101,5.0,1,Resto urbano,1,De 0 a 35 meses,1,130101,LA LIBERTAD,TRUJILLO,TRUJILLO
7108,241,99.0,1,Resto urbano,1,De 0 a 35 meses,1,130101,LA LIBERTAD,TRUJILLO,TRUJILLO
7122,1,3.0,1,Resto urbano,1,De 0 a 35 meses,1,130101,LA LIBERTAD,TRUJILLO,TRUJILLO
7145,61,2.0,1,Resto urbano,1,De 0 a 35 meses,1,130102,LA LIBERTAD,TRUJILLO,EL PORVENIR
7145,97,5.0,1,Resto urbano,1,De 0 a 35 meses,1,130102,LA LIBERTAD,TRUJILLO,EL PORVENIR
7145,115,3.0,1,Resto urbano,1,De 0 a 35 meses,1,130102,LA LIBERTAD,TRUJILLO,EL PORVENIR
7158,13,4.0,1,Resto urbano,1,De 0 a 35 meses,1,130103,LA LIBERTAD,TRUJILLO,FLORENCIA DE MORA
7180,96,5.0,1,Resto urbano,1,De 0 a 35 meses,1,130704,LA LIBERTAD,PACASMAYO,PACASMAYO
7182,89,99.0,1,Resto urbano,1,De 0 a 35 meses,1,130701,LA LIBERTAD,PACASMAYO,SAN PEDRO DE LLOC
7203,80,4.0,1,Resto urbano,1,De 0 a 35 meses,1,130104,LA LIBERTAD,TRUJILLO,HUANCHACO
7207,42,4.0,1,Resto urbano,1,De 0 a 35 meses,1,130106,LA LIBERTAD,TRUJILLO,LAREDO
7208,73,7.0,1,Resto urbano,1,De 0 a 35 meses,1,130107,LA LIBERTAD,TRUJILLO,MOCHE
7208,112,4.0,1,Resto urbano,1,De 0 a 35 meses,1,130107,LA LIBERTAD,TRUJILLO,MOCHE
7236,196,7.0,2,Rural,1,De 0 a 35 meses,1,130402,LA LIBERTAD,CHEPÉN,PACANGA
7239,20,6.0,2,Rural,1,De 0 a 35 meses,1,130701,LA LIBERTAD,PACASMAYO,SAN PEDRO DE LLOC
7239,20,9.0,2,Rural,1,De 0 a 35 meses,1,130701,LA LIBERTAD,PACASMAYO,SAN PEDRO DE LLOC
7241,84,6.0,2,Rural,1,De 0 a 35 meses,1,130106,LA LIBERTAD,TRUJILLO,LAREDO
7241,211,6.0,2,Rural,1,De 0 a 35 meses,1,130106,LA LIBERTAD,TRUJILLO,LAREDO
7241,214,99.0,2,Rural,1,De 0 a 35 meses,1,130106,LA LIBERTAD,TRUJILLO,LAREDO
7246,25,3.0,2,Rural,1,De 0 a 35 meses,1,130605,LA LIBERTAD,OTUZCO,HUARANCHAL
7246,26,5.0,2,Rural,1,De 0 a 35 meses,1,130605,LA LIBERTAD,OTUZCO,HUARANCHAL
7246,60,4.0,2,Rural,1,De 0 a 35 meses,1,130605,LA LIBERTAD,OTUZCO,HUARANCHAL
7248,86,9.0,2,Rural,1,De 0 a 35 meses,1,130614,LA LIBERTAD,OTUZCO,USQUIL
7248,87,7.0,2,Rural,1,De 0 a 35 meses,1,130614,LA LIBERTAD,OTUZCO,USQUIL
7248,88,5.0,2,Rural,1,De 0 a 35 meses,1,130614,LA LIBERTAD,OTUZCO,USQUIL
7248,88,99.0,2,Rural,1,De 0 a 35 meses,1,130614,LA LIBERTAD,OTUZCO,USQUIL
7253,77,99.0,2,Rural,1,De 0 a 35 meses,1,130611,LA LIBERTAD,OTUZCO,SALPO
7279,75,4.0,2,Rural,1,De 0 a 35 meses,1,131001,LA LIBERTAD,SANTIAGO DE CHUCO,SANTIAGO DE CHUCO
7279,76,4.0,2,Rural,1,De 0 a 35 meses,1,131001,LA LIBERTAD,SANTIAGO DE CHUCO,SANTIAGO DE CHUCO
7279,76,99.0,2,Rural,1,De 0 a 35 meses,1,131001,LA LIBERTAD,SANTIAGO DE CHUCO,SANTIAGO DE CHUCO
7302,23,5.0,1,Resto urbano,1,De 0 a 35 meses,1,140101,LAMBAYEQUE,CHICLAYO,CHICLAYO
7326,109,5.0,1,Resto urbano,1,De 0 a 35 meses,1,140101,LAMBAYEQUE,CHICLAYO,CHICLAYO
7333,8,7.0,1,Resto urbano,1,De 0 a 35 meses,1,140105,LAMBAYEQUE,CHICLAYO,JOSE LEONARDO ORTIZ
7333,8,99.0,1,Resto urbano,1,De 0 a 35 meses,1,140105,LAMBAYEQUE,CHICLAYO,JOSE LEONARDO ORTIZ
7339,136,7.0,1,Resto urbano,1,De 0 a 35 meses,1,140105,LAMBAYEQUE,CHICLAYO,JOSE LEONARDO ORTIZ
7397,55,6.0,1,Resto urbano,1,De 0 a 35 meses,1,140104,LAMBAYEQUE,CHICLAYO,ETEN PUERTO
7411,165,6.0,1,Resto urbano,1,De 0 a 35 meses,1,140113,LAMBAYEQUE,CHICLAYO,REQUE
7439,30,6.0,1,Resto urbano,1,De 0 a 35 meses,1,140111,LAMBAYEQUE,CHICLAYO,PICSI
7442,373,5.0,2,Rural,1,De 0 a 35 meses,1,140301,LAMBAYEQUE,LAMBAYEQUE,LAMBAYEQUE
7443,165,9.0,2,Rural,1,De 0 a 35 meses,1,140306,LAMBAYEQUE,LAMBAYEQUE,MORROPE
7446,10,8.0,2,Rural,1,De 0 a 35 meses,1,140306,LAMBAYEQUE,LAMBAYEQUE,MORROPE
7446,126,5.0,2,Rural,1,De 0 a 35 meses,1,140306,LAMBAYEQUE,LAMBAYEQUE,MORROPE
7446,127,8.0,2,Rural,1,De 0 a 35 meses,1,140306,LAMBAYEQUE,LAMBAYEQUE,MORROPE
7446,127,99.0,2,Rural,1,De 0 a 35 meses,1,140306,LAMBAYEQUE,LAMBAYEQUE,MORROPE
7446,128,99.0,2,Rural,1,De 0 a 35 meses,1,140306,LAMBAYEQUE,LAMBAYEQUE,MORROPE
7460,60,4.0,2,Rural,1,De 0 a 35 meses,1,140308,LAMBAYEQUE,LAMBAYEQUE,OLMOS
7511,56,3.0,3,Lima metropolitana,1,De 0 a 35 meses,1,150135,LIMA,LIMA,SAN MARTIN DE PORRES
7511,187,4.0,3,Lima metropolitana,1,De 0 a 35 meses,1,150135,LIMA,LIMA,SAN MARTIN DE PORRES
7529,60,6.0,3,Lima metropolitana,1,De 0 a 35 meses,1,150135,LIMA,LIMA,SAN MARTIN DE PORRES
7529,80,5.0,3,Lima metropolitana,1,De 0 a 35 meses,1,150135,LIMA,LIMA,SAN MARTIN DE PORRES
7531,55,8.0,3,Lima metropolitana,1,De 0 a 35 meses,1,150135,LIMA,LIMA,SAN MARTIN DE PORRES
7531,55,11.0,3,Lima metropolitana,1,De 0 a 35 meses,1,150135,LIMA,LIMA,SAN MARTIN DE PORRES
7541,23,3.0,3,Lima metropolitana,1,De 0 a 35 meses,1,150117,LIMA,LIMA,LOS OLIVOS
7541,123,99.0,3,Lima metropolitana,1,De 0 a 35 meses,1,150117,LIMA,LIMA,LOS OLIVOS
7546,36,5.0,3,Lima metropolitana,1,De 0 a 35 meses,1,150117,LIMA,LIMA,LOS OLIVOS
7549,67,99.0,3,Lima metropolitana,1,De 0 a 35 meses,1,150117,LIMA,LIMA,LOS OLIVOS
7554,90,8.0,3,Lima metropolitana,1,De 0 a 35 meses,1,150117,LIMA,LIMA,LOS OLIVOS
7564,29,99.0,3,Lima metropolitana,1,De 0 a 35 meses,1,150110,LIMA,LIMA,COMAS
7567,59,6.0,3,Lima metropolitana,1,De 0 a 35 meses,1,150110,LIMA,LIMA,COMAS
7567,59,99.0,3,Lima metropolitana,1,De 0 a 35 meses,1,150110,LIMA,LIMA,COMAS
7567,87,6.0,3,Lima metropolitana,1,De 0 a 35 meses,1,150110,LIMA,LIMA,COMAS
7571,152,4.0,3,Lima metropolitana,1,De 0 a 35 meses,1,150110,LIMA,LIMA,COMAS
7574,69,6.0,3,Lima metropolitana,1,De 0 a 35 meses,1,150110,LIMA,LIMA,COMAS
7577,153,4.0,3,Lima metropolitana,1,De 0 a 35 meses,1,150110,LIMA,LIMA,COMAS
7579,1,4.0,3,Lima metropolitana,1,De 0 a 35 meses,1,150112,LIMA,LIMA,INDEPENDENCIA
7582,45,4.0,3,Lima metropolitana,1,De 0 a 35 meses,1,150112,LIMA,LIMA,INDEPENDENCIA
7601,84,4.0,3,Lima metropolitana,1,De 0 a 35 meses,1,150128,LIMA,LIMA,RIMAC
7603,100,5.0,3,Lima metropolitana,1,De 0 a 35 meses,1,150132,LIMA,LIMA,SAN JUAN DE LURIGANCHO
7605,104,4.0,3,Lima metropolitana,1,De 0 a 35 meses,1,150132,LIMA,LIMA,SAN JUAN DE LURIGANCHO
7606,7,7.0,3,Lima metropolitana,1,De 0 a 35 meses,1,150132,LIMA,LIMA,SAN JUAN DE LURIGANCHO
7615,43,5.0,3,Lima metropolitana,1,De 0 a 35 meses,1,150132,LIMA,LIMA,SAN JUAN DE LURIGANCHO
7615,87,4.0,3,Lima metropolitana,1,De 0 a 35 meses,1,150132,LIMA,LIMA,SAN JUAN DE LURIGANCHO
7621,16,11.0,3,Lima metropolitana,1,De 0 a 35 meses,1,150132,LIMA,LIMA,SAN JUAN DE LURIGANCHO
7622,92,10.0,3,Lima metropolitana,1,De 0 a 35 meses,1,150132,LIMA,LIMA,SAN JUAN DE LURIGANCHO
7623,85,7.0,3,Lima metropolitana,1,De 0 a 35 meses,1,150132,LIMA,LIMA,SAN JUAN DE LURIGANCHO
7628,156,3.0,3,Lima metropolitana,1,De 0 a 35 meses,1,150132,LIMA,LIMA,SAN JUAN DE LURIGANCHO
7630,81,8.0,3,Lima metropolitana,1,De 0 a 35 meses,1,150132,LIMA,LIMA,SAN JUAN DE LURIGANCHO
7647,97,99.0,3,Lima metropolitana,1,De 0 a 35 meses,1,150132,LIMA,LIMA,SAN JUAN DE LURIGANCHO
7650,65,7.0,3,Lima metropolitana,1,De 0 a 35 meses,1,150118,LIMA,LIMA,LURIGANCHO
7703,55,7.0,3,Lima metropolitana,1,De 0 a 35 meses,1,150101,LIMA,LIMA,LIMA
7745,107,9.0,3,Lima metropolitana,1,De 0 a 35 meses,1,150105,LIMA,LIMA,BREÑA
7798,68,5.0,3,Lima metropolitana,1,De 0 a 35 meses,1,150115,LIMA,LIMA,LA VICTORIA
7812,61,8.0,3,Lima metropolitana,1,De 0 a 35 meses,1,150115,LIMA,LIMA,LA VICTORIA
7818,44,5.0,3,Lima metropolitana,1,De 0 a 35 meses,1,150134,LIMA,LIMA,SAN LUIS
7888,80,4.0,3,Lima metropolitana,1,De 0 a 35 meses,1,150104,LIMA,LIMA,BARRANCO
7898,190,4.0,3,Lima metropolitana,1,De 0 a 35 meses,1,150108,LIMA,LIMA,CHORRILLOS
7921,50,5.0,3,Lima metropolitana,1,De 0 a 35 meses,1,150133,LIMA,LIMA,SAN JUAN DE MIRAFLORES
7921,103,5.0,3,Lima metropolitana,1,De 0 a 35 meses,1,150133,LIMA,LIMA,SAN JUAN DE MIRAFLORES
7943,23,6.0,3,Lima metropolitana,1,De 0 a 35 meses,1,150143,LIMA,LIMA,VILLA MARIA DEL TRIUNFO
7943,58,6.0,3,Lima metropolitana,1,De 0 a 35 meses,1,150143,LIMA,LIMA,VILLA MARIA DEL TRIUNFO
7960,80,4.0,3,Lima metropolitana,1,De 0 a 35 meses,1,150143,LIMA,LIMA,VILLA MARIA DEL TRIUNFO
7962,12,99.0,3,Lima metropolitana,1,De 0 a 35 meses,1,150143,LIMA,LIMA,VILLA MARIA DEL TRIUNFO
7977,31,6.0,3,Lima metropolitana,1,De 0 a 35 meses,1,150119,LIMA,LIMA,LURIN
7992,38,8.0,1,Resto urbano,1,De 0 a 35 meses,1,150201,LIMA,BARRANCA,BARRANCA
7992,101,99.0,1,Resto urbano,1,De 0 a 35 meses,1,150201,LIMA,BARRANCA,BARRANCA
7992,132,7.0,1,Resto urbano,1,De 0 a 35 meses,1,150201,LIMA,BARRANCA,BARRANCA
8013,39,7.0,1,Resto urbano,1,De 0 a 35 meses,1,150801,LIMA,HUAURA,HUACHO
8013,74,5.0,1,Resto urbano,1,De 0 a 35 meses,1,150801,LIMA,HUAURA,HUACHO
8034,114,7.0,1,Resto urbano,1,De 0 a 35 meses,1,150812,LIMA,HUAURA,VEGUETA
8110,83,5.0,1,Resto urbano,1,De 0 a 35 meses,1,150509,LIMA,CAÑETE,MALA
8120,26,7.0,2,Rural,1,De 0 a 35 meses,1,150203,LIMA,BARRANCA,PATIVILCA
8131,93,5.0,2,Rural,1,De 0 a 35 meses,1,150601,LIMA,HUARAL,HUARAL
8131,94,3.0,2,Rural,1,De 0 a 35 meses,1,150601,LIMA,HUARAL,HUARAL
8188,47,4.0,1,Resto urbano,1,De 0 a 35 meses,1,160108,LORETO,MAYNAS,PUNCHANA
8188,96,4.0,1,Resto urbano,1,De 0 a 35 meses,1,160108,LORETO,MAYNAS,PUNCHANA
8188,128,9.0,1,Resto urbano,1,De 0 a 35 meses,1,160108,LORETO,MAYNAS,PUNCHANA
8201,157,3.0,1,Resto urbano,1,De 0 a 35 meses,1,160101,LORETO,MAYNAS,IQUITOS
8201,175,6.0,1,Resto urbano,1,De 0 a 35 meses,1,160101,LORETO,MAYNAS,IQUITOS
8217,79,99.0,1,Resto urbano,1,De 0 a 35 meses,1,160101,LORETO,MAYNAS,IQUITOS
8245,102,6.0,1,Resto urbano,1,De 0 a 35 meses,1,160113,LORETO,MAYNAS,SAN JUAN BAUTISTA
8281,19,6.0,1,Resto urbano,1,De 0 a 35 meses,1,160201,LORETO,ALTO AMAZONAS,YURIMAGUAS
8281,19,9.0,1,Resto urbano,1,De 0 a 35 meses,1,160201,LORETO,ALTO AMAZONAS,YURIMAGUAS
8281,76,99.0,1,Resto urbano,1,De 0 a 35 meses,1,160201,LORETO,ALTO AMAZONAS,YURIMAGUAS
8282,73,4.0,1,Resto urbano,1,De 0 a 35 meses,1,160201,LORETO,ALTO AMAZONAS,YURIMAGUAS
8305,49,7.0,1,Resto urbano,1,De 0 a 35 meses,1,160601,LORETO,UCAYALI,CONTAMANA
8305,49,8.0,1,Resto urbano,1,De 0 a 35 meses,1,160601,LORETO,UCAYALI,CONTAMANA
8307,39,6.0,1,Resto urbano,1,De 0 a 35 meses,1,160603,LORETO,UCAYALI,PADRE MARQUEZ
8307,39,99.0,1,Resto urbano,1,De 0 a 35 meses,1,160603,LORETO,UCAYALI,PADRE MARQUEZ
8307,90,5.0,1,Resto urbano,1,De 0 a 35 meses,1,160603,LORETO,UCAYALI,PADRE MARQUEZ
8307,114,7.0,1,Resto urbano,1,De 0 a 35 meses,1,160603,LORETO,UCAYALI,PADRE MARQUEZ
8311,102,9.0,2,Rural,1,De 0 a 35 meses,1,160704,LORETO,DATEM DEL MARAÑÓN,MORONA
8311,105,10.0,2,Rural,1,De 0 a 35 meses,1,160704,LORETO,DATEM DEL MARAÑÓN,MORONA
8315,17,3.0,2,Rural,1,De 0 a 35 meses,1,160305,LORETO,LORETO,URARINAS
8315,44,7.0,2,Rural,1,De 0 a 35 meses,1,160305,LORETO,LORETO,URARINAS
8315,46,5.0,2,Rural,1,De 0 a 35 meses,1,160305,LORETO,LORETO,URARINAS
8315,52,8.0,2,Rural,1,De 0 a 35 meses,1,160305,LORETO,LORETO,URARINAS
8317,3,99.0,2,Rural,1,De 0 a 35 meses,1,160301,LORETO,LORETO,NAUTA
8317,68,7.0,2,Rural,1,De 0 a 35 meses,1,160301,LORETO,LORETO,NAUTA
8317,68,99.0,2,Rural,1,De 0 a 35 meses,1,160301,LORETO,LORETO,NAUTA
8318,8,99.0,2,Rural,1,De 0 a 35 meses,1,160110,LORETO,MAYNAS,TORRES CAUSANA
8318,100,8.0,2,Rural,1,De 0 a 35 meses,1,160110,LORETO,MAYNAS,TORRES CAUSANA
8318,101,99.0,2,Rural,1,De 0 a 35 meses,1,160110,LORETO,MAYNAS,TORRES CAUSANA
8327,64,7.0,2,Rural,1,De 0 a 35 meses,1,160101,LORETO,MAYNAS,IQUITOS
8327,66,10.0,2,Rural,1,De 0 a 35 meses,1,160101,LORETO,MAYNAS,IQUITOS
8327,68,5.0,2,Rural,1,De 0 a 35 meses,1,160101,LORETO,MAYNAS,IQUITOS
8330,15,3.0,2,Rural,1,De 0 a 35 meses,1,160113,LORETO,MAYNAS,SAN JUAN BAUTISTA
8330,15,6.0,2,Rural,1,De 0 a 35 meses,1,160113,LORETO,MAYNAS,SAN JUAN BAUTISTA
8330,106,7.0,2,Rural,1,De 0 a 35 meses,1,160113,LORETO,MAYNAS,SAN JUAN BAUTISTA
8332,8,99.0,2,Rural,1,De 0 a 35 meses,1,160102,LORETO,MAYNAS,ALTO NANAY
8335,40,99.0,2,Rural,1,De 0 a 35 meses,1,160104,LORETO,MAYNAS,INDIANA
8335,42,7.0,2,Rural,1,De 0 a 35 meses,1,160104,LORETO,MAYNAS,INDIANA
8335,42,8.0,2,Rural,1,De 0 a 35 meses,1,160104,LORETO,MAYNAS,INDIANA
8335,136,7.0,2,Rural,1,De 0 a 35 meses,1,160104,LORETO,MAYNAS,INDIANA
8335,137,6.0,2,Rural,1,De 0 a 35 meses,1,160104,LORETO,MAYNAS,INDIANA
8342,37,7.0,2,Rural,1,De 0 a 35 meses,1,160404,LORETO,MARISCAL RAMÓN CASTILLA,SAN PABLO
8368,55,5.0,1,Resto urbano,1,De 0 a 35 meses,1,170101,MADRE DE DIOS,TAMBOPATA,TAMBOPATA
8408,6,6.0,1,Resto urbano,1,De 0 a 35 meses,1,170101,MADRE DE DIOS,TAMBOPATA,TAMBOPATA
8440,199,3.0,2,Rural,1,De 0 a 35 meses,1,170203,MADRE DE DIOS,MANU,MADRE DE DIOS
8461,34,3.0,2,Rural,1,De 0 a 35 meses,1,170303,MADRE DE DIOS,TAHUAMANU,TAHUAMANU
8478,52,4.0,1,Resto urbano,1,De 0 a 35 meses,1,180101,MOQUEGUA,MARISCAL NIETO,MOQUEGUA
8485,4,99.0,1,Resto urbano,1,De 0 a 35 meses,1,180101,MOQUEGUA,MARISCAL NIETO,MOQUEGUA
8509,61,6.0,1,Resto urbano,1,De 0 a 35 meses,1,180101,MOQUEGUA,MARISCAL NIETO,MOQUEGUA
8509,142,5.0,1,Resto urbano,1,De 0 a 35 meses,1,180101,MOQUEGUA,MARISCAL NIETO,MOQUEGUA
8596,102,9.0,2,Rural,1,De 0 a 35 meses,1,180204,MOQUEGUA,GENERAL SÁNCHEZ CERRO,ICHUÑA
8615,82,6.0,1,Resto urbano,1,De 0 a 35 meses,1,190113,PASCO,PASCO,YANACANCHA
8615,93,6.0,1,Resto urbano,1,De 0 a 35 meses,1,190113,PASCO,PASCO,YANACANCHA
8671,123,6.0,1,Resto urbano,1,De 0 a 35 meses,1,190105,PASCO,PASCO,NINACACA
8676,149,8.0,1,Resto urbano,1,De 0 a 35 meses,1,190107,PASCO,PASCO,PAUCARTAMBO
8686,27,4.0,1,Resto urbano,1,De 0 a 35 meses,1,190307,PASCO,OXAPAMPA,VILLA RICA
8694,61,5.0,2,Rural,1,De 0 a 35 meses,1,190204,PASCO,DANIEL ALCIDES CARRIÓN,PAUCAR
8707,82,5.0,2,Rural,1,De 0 a 35 meses,1,190109,PASCO,PASCO,SIMON BOLIVAR
8729,63,99.0,2,Rural,1,De 0 a 35 meses,1,190301,PASCO,OXAPAMPA,OXAPAMPA
8729,65,4.0,2,Rural,1,De 0 a 35 meses,1,190301,PASCO,OXAPAMPA,OXAPAMPA
8729,67,6.0,2,Rural,1,De 0 a 35 meses,1,190301,PASCO,OXAPAMPA,OXAPAMPA
8756,64,7.0,1,Resto urbano,1,De 0 a 35 meses,1,200101,PIURA,PIURA,PIURA
8757,108,5.0,1,Resto urbano,1,De 0 a 35 meses,1,200101,PIURA,PIURA,PIURA
8770,114,99.0,1,Resto urbano,1,De 0 a 35 meses,1,200115,PIURA,PIURA,VEINTISEIS DE OCTUBRE
8793,47,5.0,1,Resto urbano,1,De 0 a 35 meses,1,200104,PIURA,PIURA,CASTILLA
8811,31,8.0,1,Resto urbano,1,De 0 a 35 meses,1,200701,PIURA,TALARA,PARIÑAS
8811,31,99.0,1,Resto urbano,1,De 0 a 35 meses,1,200701,PIURA,TALARA,PARIÑAS
8831,57,4.0,1,Resto urbano,1,De 0 a 35 meses,1,200504,PIURA,PAITA,COLAN
8846,129,4.0,1,Resto urbano,1,De 0 a 35 meses,1,200601,PIURA,SULLANA,SULLANA
8852,84,4.0,1,Resto urbano,1,De 0 a 35 meses,1,200607,PIURA,SULLANA,QUERECOTILLO
8857,71,5.0,1,Resto urbano,1,De 0 a 35 meses,1,200605,PIURA,SULLANA,MARCAVELICA
8863,3,7.0,1,Resto urbano,1,De 0 a 35 meses,1,200110,PIURA,PIURA,LA UNION
8900,7,99.0,1,Resto urbano,1,De 0 a 35 meses,1,200805,PIURA,SECHURA,VICE
8900,95,8.0,1,Resto urbano,1,De 0 a 35 meses,1,200805,PIURA,SECHURA,VICE
8913,96,5.0,2,Rural,1,De 0 a 35 meses,1,200101,PIURA,PIURA,PIURA
8916,135,6.0,2,Rural,1,De 0 a 35 meses,1,200114,PIURA,PIURA,TAMBO GRANDE
8918,91,7.0,2,Rural,1,De 0 a 35 meses,1,200114,PIURA,PIURA,TAMBO GRANDE
8918,218,6.0,2,Rural,1,De 0 a 35 meses,1,200114,PIURA,PIURA,TAMBO GRANDE
8918,219,99.0,2,Rural,1,De 0 a 35 meses,1,200114,PIURA,PIURA,TAMBO GRANDE
8918,220,4.0,2,Rural,1,De 0 a 35 meses,1,200114,PIURA,PIURA,TAMBO GRANDE
8965,38,4.0,1,Resto urbano,1,De 0 a 35 meses,1,210101,PUNO,PUNO,PUNO
9024,51,5.0,1,Resto urbano,1,De 0 a 35 meses,1,211101,PUNO,SAN ROMÁN,JULIACA
9054,65,7.0,2,Rural,1,De 0 a 35 meses,1,210201,PUNO,AZÁNGARO,AZANGARO
9054,86,5.0,2,Rural,1,De 0 a 35 meses,1,210201,PUNO,AZÁNGARO,AZANGARO
9063,17,6.0,2,Rural,1,De 0 a 35 meses,1,210210,PUNO,AZÁNGARO,SAMAN
9063,71,6.0,2,Rural,1,De 0 a 35 meses,1,210210,PUNO,AZÁNGARO,SAMAN
9073,133,3.0,2,Rural,1,De 0 a 35 meses,1,211101,PUNO,SAN ROMÁN,JULIACA
9168,90,4.0,1,Resto urbano,1,De 0 a 35 meses,1,220502,SAN MARTÍN,LAMAS,ALONSO DE ALVARADO
9173,6,5.0,1,Resto urbano,1,De 0 a 35 meses,1,220501,SAN MARTÍN,LAMAS,LAMAS
9173,93,5.0,1,Resto urbano,1,De 0 a 35 meses,1,220501,SAN MARTÍN,LAMAS,LAMAS
9179,9,8.0,2,Rural,1,De 0 a 35 meses,1,220805,SAN MARTÍN,RIOJA,PARDO MIGUEL
9179,73,9.0,2,Rural,1,De 0 a 35 meses,1,220805,SAN MARTÍN,RIOJA,PARDO MIGUEL
9184,22,3.0,2,Rural,1,De 0 a 35 meses,1,220801,SAN MARTÍN,RIOJA,RIOJA
9184,108,99.0,2,Rural,1,De 0 a 35 meses,1,220801,SAN MARTÍN,RIOJA,RIOJA
9185,36,4.0,2,Rural,1,De 0 a 35 meses,1,220106,SAN MARTÍN,MOYOBAMBA,YANTALO
9188,31,99.0,2,Rural,1,De 0 a 35 meses,1,220101,SAN MARTÍN,MOYOBAMBA,MOYOBAMBA
9188,120,4.0,2,Rural,1,De 0 a 35 meses,1,220101,SAN MARTÍN,MOYOBAMBA,MOYOBAMBA
9194,71,99.0,2,Rural,1,De 0 a 35 meses,1,220104,SAN MARTÍN,MOYOBAMBA,JEPELACIO
9194,73,5.0,2,Rural,1,De 0 a 35 meses,1,220104,SAN MARTÍN,MOYOBAMBA,JEPELACIO
9218,15,5.0,1,Resto urbano,1,De 0 a 35 meses,1,220910,SAN MARTÍN,SAN MARTÍN,MORALES
9232,99,4.0,1,Resto urbano,1,De 0 a 35 meses,1,220901,SAN MARTÍN,SAN MARTÍN,TARAPOTO
9233,32,4.0,1,Resto urbano,1,De 0 a 35 meses,1,220901,SAN MARTÍN,SAN MARTÍN,TARAPOTO
9248,9,99.0,1,Resto urbano,1,De 0 a 35 meses,1,220909,SAN MARTÍN,SAN MARTÍN,LA BANDA DE SHILCAYO
9249,39,7.0,1,Resto urbano,1,De 0 a 35 meses,1,220909,SAN MARTÍN,SAN MARTÍN,LA BANDA DE SHILCAYO
9257,105,6.0,1,Resto urbano,1,De 0 a 35 meses,1,220601,SAN MARTÍN,MARISCAL CÁCERES,JUANJUI
9257,105,7.0,1,Resto urbano,1,De 0 a 35 meses,1,220601,SAN MARTÍN,MARISCAL CÁCERES,JUANJUI
9258,55,99.0,1,Resto urbano,1,De 0 a 35 meses,1,220601,SAN MARTÍN,MARISCAL CÁCERES,JUANJUI
9272,76,5.0,1,Resto urbano,1,De 0 a 35 meses,1,220201,SAN MARTÍN,BELLAVISTA,BELLAVISTA
9274,43,6.0,1,Resto urbano,1,De 0 a 35 meses,1,220201,SAN MARTÍN,BELLAVISTA,BELLAVISTA
9277,2,4.0,1,Resto urbano,1,De 0 a 35 meses,1,220701,SAN MARTÍN,PICOTA,PICOTA
9286,108,4.0,2,Rural,1,De 0 a 35 meses,1,220605,SAN MARTÍN,MARISCAL CÁCERES,PAJARILLO
9286,114,5.0,2,Rural,1,De 0 a 35 meses,1,220605,SAN MARTÍN,MARISCAL CÁCERES,PAJARILLO
9287,142,99.0,2,Rural,1,De 0 a 35 meses,1,220604,SAN MARTÍN,MARISCAL CÁCERES,PACHIZA
9337,9,99.0,1,Resto urbano,1,De 0 a 35 meses,1,230108,TACNA,TACNA,POCOLLAY
9342,58,7.0,1,Resto urbano,1,De 0 a 35 meses,1,230101,TACNA,TACNA,TACNA
9342,127,6.0,1,Resto urbano,1,De 0 a 35 meses,1,230101,TACNA,TACNA,TACNA
9400,41,6.0,1,Resto urbano,1,De 0 a 35 meses,1,230110,TACNA,TACNA,CORONEL GREGORIO ALBARRACIN LANCHIPA
9400,70,99.0,1,Resto urbano,1,De 0 a 35 meses,1,230110,TACNA,TACNA,CORONEL GREGORIO ALBARRACIN LANCHIPA
9404,31,5.0,1,Resto urbano,1,De 0 a 35 meses,1,230110,TACNA,TACNA,CORONEL GREGORIO ALBARRACIN LANCHIPA
9445,30,6.0,2,Rural,1,De 0 a 35 meses,1,230206,TACNA,CANDARAVE,QUILAHUANI
9450,83,6.0,2,Rural,1,De 0 a 35 meses,1,230109,TACNA,TACNA,SAMA
9450,85,2.0,2,Rural,1,De 0 a 35 meses,1,230109,TACNA,TACNA,SAMA
9478,63,6.0,1,Resto urbano,1,De 0 a 35 meses,1,240101,TUMBES,TUMBES,TUMBES
9507,49,5.0,1,Resto urbano,1,De 0 a 35 meses,1,240101,TUMBES,TUMBES,TUMBES
9508,62,6.0,1,Resto urbano,1,De 0 a 35 meses,1,240101,TUMBES,TUMBES,TUMBES
9525,84,99.0,1,Resto urbano,1,De 0 a 35 meses,1,240201,TUMBES,CONTRALMIRANTE VILLAR,ZORRITOS
9568,21,4.0,1,Resto urbano,1,De 0 a 35 meses,1,240302,TUMBES,ZARUMILLA,AGUAS VERDES
9601,9,5.0,2,Rural,1,De 0 a 35 meses,1,240303,TUMBES,ZARUMILLA,MATAPALO
9601,10,7.0,2,Rural,1,De 0 a 35 meses,1,240303,TUMBES,ZARUMILLA,MATAPALO
9601,10,8.0,2,Rural,1,De 0 a 35 meses,1,240303,TUMBES,ZARUMILLA,MATAPALO
9607,55,4.0,1,Resto urbano,1,De 0 a 35 meses,1,250105,UCAYALI,CORONEL PORTILLO,YARINACOCHA
9607,105,10.0,1,Resto urbano,1,De 0 a 35 meses,1,250105,UCAYALI,CORONEL PORTILLO,YARINACOCHA
9638,64,6.0,1,Resto urbano,1,De 0 a 35 meses,1,250101,UCAYALI,CORONEL PORTILLO,CALLERIA
9639,33,4.0,1,Resto urbano,1,De 0 a 35 meses,1,250101,UCAYALI,CORONEL PORTILLO,CALLERIA
9639,88,99.0,1,Resto urbano,1,De 0 a 35 meses,1,250101,UCAYALI,CORONEL PORTILLO,CALLERIA
9650,55,99.0,1,Resto urbano,1,De 0 a 35 meses,1,250101,UCAYALI,CORONEL PORTILLO,CALLERIA
9659,116,5.0,1,Resto urbano,1,De 0 a 35 meses,1,250101,UCAYALI,CORONEL PORTILLO,CALLERIA
9684,109,6.0,1,Resto urbano,1,De 0 a 35 meses,1,250107,UCAYALI,CORONEL PORTILLO,MANANTAY
9695,97,6.0,1,Resto urbano,1,De 0 a 35 meses,1,250301,UCAYALI,PADRE ABAD,PADRE ABAD
9719,3,5.0,1,Resto urbano,1,De 0 a 35 meses,1,250201,UCAYALI,ATALAYA,RAYMONDI
9719,3,99.0,1,Resto urbano,1,De 0 a 35 meses,1,250201,UCAYALI,ATALAYA,RAYMONDI
9719,109,99.0,1,Resto urbano,1,De 0 a 35 meses,1,250201,UCAYALI,ATALAYA,RAYMONDI
9719,170,4.0,1,Resto urbano,1,De 0 a 35 meses,1,250201,UCAYALI,ATALAYA,RAYMONDI
9720,5,6.0,1,Resto urbano,1,De 0 a 35 meses,1,250201,UCAYALI,ATALAYA,RAYMONDI
9731,126,5.0,2,Rural,1,De 0 a 35 meses,1,250301,UCAYALI,PADRE ABAD,PADRE ABAD
9731,130,3.0,2,Rural,1,De 0 a 35 meses,1,250301,UCAYALI,PADRE ABAD,PADRE ABAD
9735,50,5.0,2,Rural,1,De 0 a 35 meses,1,250302,UCAYALI,PADRE ABAD,IRAZOLA
9736,33,5.0,2,Rural,1,De 0 a 35 meses,1,250302,UCAYALI,PADRE ABAD,IRAZOLA
9736,33,6.0,2,Rural,1,De 0 a 35 meses,1,250302,UCAYALI,PADRE ABAD,IRAZOLA
9736,105,4.0,2,Rural,1,De 0 a 35 meses,1,250302,UCAYALI,PADRE ABAD,IRAZOLA
9736,105,5.0,2,Rural,1,De 0 a 35 meses,1,250302,UCAYALI,PADRE ABAD,IRAZOLA
9740,55,99.0,2,Rural,1,De 0 a 35 meses,1,250303,UCAYALI,PADRE ABAD,CURIMANA
9740,56,3.0,2,Rural,1,De 0 a 35 meses,1,250303,UCAYALI,PADRE ABAD,CURIMANA
9740,58,99.0,2,Rural,1,De 0 a 35 meses,1,250303,UCAYALI,PADRE ABAD,CURIMANA
9740,133,7.0,2,Rural,1,De 0 a 35 meses,1,250303,UCAYALI,PADRE ABAD,CURIMANA
9740,135,4.0,2,Rural,1,De 0 a 35 meses,1,250303,UCAYALI,PADRE ABAD,CURIMANA
9756,3,8.0,2,Rural,1,De 0 a 35 meses,1,250103,UCAYALI,CORONEL PORTILLO,IPARIA
9756,55,10.0,2,Rural,1,De 0 a 35 meses,1,250103,UCAYALI,CORONEL PORTILLO,IPARIA
9820,4,6.0,3,Lima metropolitana,1,De 0 a 35 meses,1,70106,CALLAO,PROV. CONST. DEL CALLAO,VENTANILLA
9820,19,99.0,3,Lima metropolitana,1,De 0 a 35 meses,1,70106,CALLAO,PROV. CONST. DEL CALLAO,VENTANILLA
9827,29,5.0,1,Resto urbano,1,De 0 a 35 meses,1,230101,TACNA,TACNA,TACNA
10012,7,99.0,1,Resto urbano,1,De 0 a 35 meses,1,21808,ÁNCASH,SANTA,SANTA
10012,63,7.0,1,Resto urbano,1,De 0 a 35 meses,1,21808,ÁNCASH,SANTA,SANTA
10020,62,7.0,2,Rural,1,De 0 a 35 meses,1,20609,ÁNCASH,CARHUAZ,SHILLA
10060,52,4.0,2,Rural,1,De 0 a 35 meses,1,50611,AYACUCHO,LUCANAS,LUCANAS
10060,132,4.0,2,Rural,1,De 0 a 35 meses,1,50611,AYACUCHO,LUCANAS,LUCANAS
10080,11,99.0,3,Lima metropolitana,1,De 0 a 35 meses,1,70106,CALLAO,PROV. CONST. DEL CALLAO,VENTANILLA
10080,67,3.0,3,Lima metropolitana,1,De 0 a 35 meses,1,70106,CALLAO,PROV. CONST. DEL CALLAO,VENTANILLA
10080,101,5.0,3,Lima metropolitana,1,De 0 a 35 meses,1,70106,CALLAO,PROV. CONST. DEL CALLAO,VENTANILLA
10111,55,5.0,2,Rural,1,De 0 a 35 meses,1,100602,HUÁNUCO,LEONCIO PRADO,DANIEL ALOMIA ROBLES
10122,30,6.0,1,Resto urbano,1,De 0 a 35 meses,1,110201,ICA,CHINCHA,CHINCHA ALTA
10122,44,7.0,1,Resto urbano,1,De 0 a 35 meses,1,110201,ICA,CHINCHA,CHINCHA ALTA
10122,114,9.0,1,Resto urbano,1,De 0 a 35 meses,1,110201,ICA,CHINCHA,CHINCHA ALTA
10122,114,11.0,1,Resto urbano,1,De 0 a 35 meses,1,110201,ICA,CHINCHA,CHINCHA ALTA
10150,1,6.0,2,Rural,1,De 0 a 35 meses,1,120303,JUNÍN,CHANCHAMAYO,PICHANAQUI
10150,2,6.0,2,Rural,1,De 0 a 35 meses,1,120303,JUNÍN,CHANCHAMAYO,PICHANAQUI
10175,113,4.0,1,Resto urbano,1,De 0 a 35 meses,1,130401,LA LIBERTAD,CHEPÉN,CHEPEN
10176,137,4.0,1,Resto urbano,1,De 0 a 35 meses,1,130702,LA LIBERTAD,PACASMAYO,GUADALUPE
10183,117,99.0,2,Rural,1,De 0 a 35 meses,1,130403,LA LIBERTAD,CHEPÉN,PUEBLO NUEVO
10210,45,3.0,3,Lima metropolitana,1,De 0 a 35 meses,1,150106,LIMA,LIMA,CARABAYLLO
10254,157,4.0,1,Resto urbano,1,De 0 a 35 meses,1,150806,LIMA,HUAURA,HUAURA
10262,160,7.0,2,Rural,1,De 0 a 35 meses,1,150812,LIMA,HUAURA,VEGUETA
10262,161,99.0,2,Rural,1,De 0 a 35 meses,1,150812,LIMA,HUAURA,VEGUETA
10323,48,7.0,2,Rural,1,De 0 a 35 meses,1,200607,PIURA,SULLANA,QUERECOTILLO
10327,36,99.0,2,Rural,1,De 0 a 35 meses,1,200203,PIURA,AYABACA,JILILI
10327,90,6.0,2,Rural,1,De 0 a 35 meses,1,200203,PIURA,AYABACA,JILILI
10327,91,7.0,2,Rural,1,De 0 a 35 meses,1,200203,PIURA,AYABACA,JILILI
10327,91,99.0,2,Rural,1,De 0 a 35 meses,1,200203,PIURA,AYABACA,JILILI
10359,30,5.0,2,Rural,1,De 0 a 35 meses,1,220802,SAN MARTÍN,RIOJA,AWAJUN
10359,133,6.0,2,Rural,1,De 0 a 35 meses,1,220802,SAN MARTÍN,RIOJA,AWAJUN
10359,135,8.0,2,Rural,1,De 0 a 35 meses,1,220802,SAN MARTÍN,RIOJA,AWAJUN
10371,101,3.0,1,Resto urbano,1,De 0 a 35 meses,1,230101,TACNA,TACNA,TACNA
10380,11,7.0,1,Resto urbano,1,De 0 a 35 meses,1,250101,UCAYALI,CORONEL PORTILLO,CALLERIA
10380,55,5.0,1,Resto urbano,1,De 0 a 35 meses,1,250101,UCAYALI,CORONEL PORTILLO,CALLERIA
10380,142,14.0,1,Resto urbano,1,De 0 a 35 meses,1,250101,UCAYALI,CORONEL PORTILLO,CALLERIA
